Precision: 0.6470588235294118
Recall: 0.7333333333333333
AUC: 0.6711111111111111
