Precision: 0.631578947368421
Recall: 0.8
AUC: 0.7355555555555555
